-92846725 -77757654 25497332 0 49936000 -30938020 -71523532 5958944 -44057884 -34303865 67527488 -21468200 0 -56313604 88610240 -96065804 45089588 -61761052 2109803 -68416710 
41805232 37990144 -99582901 -59657665 61396681 92302830 -82565458 0 -57827352 26569144 -15639290 -99606550 -16674688 -79776580 -28908340 0 -95280856 -79801180 -62974876 -2705446 
-72873586 -79848064 -34114555 0 85635138 0 -17622978 -75099801 -73042409 -61439800 0 -83987674 -92646385 -60228340 -27406072 -45670712 0 -89394108 51079280 -53195320 
0 -68443448 61174932 52228522 -98297056 58316 -64575585 0 -70167080 -62866912 -15780970 0 -82685408 0 -34620775 -76278434 -55351334 13470035 -50968848 -84564525 
0 0 -82716098 -77383392 77908523 1461280 -65006860 -58834150 0 -80969398 0 0 -18351720 -93930530 -67144740 0 -63486744 -36126218 -86644658 -42433687 
-53729446 -95621660 -73206229 -51127852 -81741547 -99190450 -78783295 16884800 0 21998240 -78109198 -90289735 -89788378 -82437725 0 0 9666734 35475200 -74505817 -41607517 
-99625610 -86095304 0 -98342562 39928181 52638050 -73285218 -86490421 -39984968 0 0 -30161816 0 -80196624 0 -73798210 9060412 -29500544 0 -70521760 
70359322 -93366195 -69085610 63706781 -96663568 26042440 -15950370 0 0 -21761806 -47579905 -8729476 -83774225 -91089632 -65148802 -62706716 -4494340 -27453469 -4958891 -92603556 
-88984699 -23406040 -12190600 -89337860 77954920 -81085643 -91945366 -90885131 0 -28762715 -83208577 -97543216 -87552154 12062162 -81192220 -14758888 -70240600 0 -69200672 -22814722 
41161268 -86706940 0 -76884418 0 -90371832 -94791916 -48670165 -26465320 -16905457 -57437220 -99840230 18742284 -75585073 -79951294 70646000 9811700 -65692300 -99543874 -13898384 
