-91868084 -75238280 -44609984 -14977670 0 -86488975 -75677611 0 -6738526 0 -75335920 -48121012 -76064908 73965014 9186414 -47972284 0 -55268336 -13732388 -60190811 0 -58832747 -47335290 -92252990 -94147373 -1293358 82099340 -64158164 -19198180 -51483364 
-86986870 -92906032 -93884576 -29519512 0 -17153368 0 -62089402 0 -56555788 0 -64927562 -89845180 53630250 -65554200 -35051347 -32028310 -33451738 48248793 -80655610 -92735696 13359916 70261784 -68981188 0 72058616 -96599269 -82101574 -67799908 0 
-17568560 3371429 -65910727 -49399255 -63160988 69293160 0 0 -81590942 84714966 15804381 -64924462 -38297243 18759931 -75386944 -92012800 -97086820 -10412488 0 0 -7994650 0 -98695912 0 -96206800 -90507917 -37651140 -83614210 -56397380 1736160 
38303774 -65794900 -22790623 -8034718 -86156965 82869956 -63561529 0 0 -47460808 51748630 6032608 -52982915 -96945377 54653310 -98330125 0 -57236383 -52542104 -32954411 0 -62636868 60965650 0 -74414288 0 5741479 0 -2098568 -24594700 
0 10212990 -53453888 -91625902 -90639104 4390314 -92268135 -64232510 5886175 -69122932 -21234721 -85684488 16495883 -23749678 -55767570 -53671804 -85315138 0 -73879246 -84823004 -46089538 -94627402 -81410457 1881629 32079920 -42066960 -92362153 -31990000 -3140369 -18955355 
0 -71662631 -97602527 -99036672 2991020 -3271130 -80039875 60743500 -75216524 -52530616 -77394153 -64859516 -72487696 -75388280 -41291744 -82534062 -99885173 0 -36326552 40846328 22095505 0 -8596846 -86632016 67532624 -61471207 -61082506 -88507489 0 -35907657 
-91593950 -87918634 -88943150 -80839963 11300768 -73660780 -66813900 -91069750 -87984464 0 0 -67475180 -18749550 -82148518 0 -78553972 0 -76797483 -46907020 -99636880 66489396 -81023882 -41221774 -87370235 62343468 0 -61593610 -77367472 -81144211 -20746132 
-22696280 -42022143 0 26118240 0 90566420 -79129144 0 -21739489 -40739000 -97323679 -81568100 82570721 0 -79518904 -84749680 -67645710 -57734236 0 -88516965 -93000176 -42735160 -93123250 -35583130 0 0 -99789614 -50117198 0 0 
0 -76192800 0 82922992 -98732360 -65932151 -75267892 -6091408 47228345 -74403946 -55832074 -57141456 -46503714 -66831580 23654692 -46844686 0 -67495885 14275796 0 30662297 -99458897 -67258720 -9915532 28075539 -60024790 0 -98923700 0 0 
-75173984 -52766290 -95969600 54264040 -96661610 0 45516644 0 -82455226 -44921578 -54618092 -99591370 -67641741 -20383844 0 44221727 -46361384 -73885192 0 -572938 0 0 47026132 47411862 92522231 91482170 0 43518635 -92779839 -28843474 
44229859 -97293200 -87735533 -51943441 91518954 59308565 18329663 -5143299 -95679244 -89321620 -44641226 -88162336 98935632 4675767 -66915622 -536272 0 -29533905 0 34292210 38121004 -44183050 58130928 -47504689 -80111506 -85870360 0 -17105240 -97004175 0 
-82890490 -85800160 -32299712 -92961816 -57981529 -62112351 -93734029 -97953010 27373050 -71207324 38476358 -58034440 -49418814 -7528955 0 40271424 48411824 -35482348 -59744814 0 -51575278 0 -49215490 0 -98484874 82260426 88817870 56113082 0 0 
-84230920 0 -65178104 11514016 -99130432 0 -97858510 -45727432 -32623066 -76697920 -98498192 0 2663176 -50987353 -78234994 -63384832 5893796 -29058740 -11982325 -35492131 46133870 -81370730 -9718630 -88641455 0 0 -52830195 83698895 -66403478 -99369664 
0 -99729375 -67557575 27918275 83389304 -68018485 -66419376 -22843745 -94252856 -26600398 -43726134 47589936 -66962996 0 -97747570 -75071131 -59662378 -39367018 -36581815 -77116296 -80970031 -83386624 -23834512 91216928 96594596 -51285196 48775656 -77630650 -58695667 0 
-52549084 -32888494 -85801435 -72669796 -26082835 -51363660 -78779695 -77731026 -83868605 0 20147845 34924010 0 10526348 -48249747 -74746460 -25582756 0 -91530712 -82352372 0 -71033860 0 -60858775 -94608092 -72145138 -79522618 32760474 0 -84614368 
-88345192 -99385147 -14544400 -63086935 0 -70632460 -72468041 -68858843 0 -84998986 0 -73116672 0 85604039 0 -18496471 -71298816 -36052507 -79671216 -74544220 0 -52019809 -88525179 80208017 0 -87862510 18717830 -43814851 10195712 34430781 
0 35431444 0 -89447704 -488885 -74747116 -57868798 71129280 -72550321 -69138771 -34223594 50229170 0 -46027370 52083584 -66953965 -96152200 -97563610 70569024 -95760460 -97993344 -94531238 -17579816 0 20799152 0 0 -97449547 -53193409 -84724446 
-75392418 90252440 -55295008 -96224635 -76328119 -30854488 -99739580 -49349607 0 -85399754 -33943146 0 -99038128 -95336320 -63624607 -41302421 -63854070 -75247270 98032510 0 -78830240 45780141 -60929736 -20822615 78722432 -39003784 -78149724 -40378159 -53740626 13144010 
14125648 0 -72952140 -60303304 0 -24329567 -61498621 0 -72894073 -91343170 0 0 -28195120 -99664270 63617069 0 -53408350 -48152480 -80193070 -80730667 -46158345 -74696840 -86704520 -34159104 -51495980 -94598912 -75679018 0 -80440636 -8852221 
-44752797 -29193080 -10073552 -38663082 -94190896 41237728 -97543700 -87775330 -2062853 0 -98300019 0 -14474725 -73967392 -71512354 -56399940 -94915671 -6337522 -94777721 17842706 -20889856 0 -99492040 -19513280 -60891736 -63878194 0 -53150500 -75746741 -30586354 
