-25669024 0 -28551379 -21342759 -56644702 0 -98379538 -41864772 -62230228 -59294968 -89709240 -89389621 26250665 -62691562 -98023795 -66424946 38505825 -96171604 -30236727 -91779540 -65800169 18077696 -72802828 -38315000 39659115 -43054794 25790912 0 0 -31866000 3101876 32149570 91206127 -63577960 -16609962 -36057126 0 -99048504 -67921447 98684086 40460195 -54861933 11400030 -91186720 -9360256 -47995528 -49555980 -78050598 0 0 
64826445 -41531500 -84438982 95442900 -44990920 26956772 0 -23695555 -26783320 -69814656 -27005452 -11958235 0 -39727694 -48393550 3177397 23563536 -66530520 -36287736 -89181946 -68906822 8773808 94412336 0 -25855305 -82753584 -98542978 16408712 19311830 -60613315 61050422 -30203369 0 -96896956 -86772295 -73884997 -47538259 0 -59100790 0 -57145628 -31115900 -95398440 4798298 -92992264 0 43625272 -85939138 61310144 7420984 
-43972097 56709619 60941109 -46304021 -99457512 -68724328 -31507163 -60756980 70444862 74812688 -25947507 -32601427 -85614368 33983616 0 0 0 0 -99246313 -30011545 0 0 -86608020 -51053592 -93348560 9581540 -25475587 6748111 0 -55020736 -69608899 96238676 -30908468 -41853574 -93070224 0 0 -43187476 64062283 -51206600 0 54561462 -92764546 -83996201 -77759925 48723106 28403520 16399625 -74270188 0 
-6395281 -82031975 49711344 -80812622 0 -55453200 -59950660 -91321070 -97712426 6303734 0 0 2138264 -1860868 28997479 -80434246 -59878588 46690450 -99031646 34434035 -35269984 10249169 -90052636 -91364850 -7339432 -55694277 -92282309 6473535 5983709 0 -92257804 -32017960 -97989904 -14414425 84193904 -68173550 0 -93242802 -83499198 28660960 -53036445 0 4717140 0 -71423786 -92144000 -9639025 -84388804 -89424266 -37746948 
-12606122 45226016 80491152 384726 -73933100 0 0 -51196102 -90849376 3077428 -94804336 -96963584 0 33161444 0 91139857 -3059273 -52520533 -29709515 -39964026 0 -82195537 -44431942 -71249542 -68307561 9010304 -64847980 -49473645 -87931156 -56780485 7143398 27326670 -53703400 -71107136 -54389728 -91746932 0 14490688 0 0 -31873265 23760782 0 -60877403 -12743750 0 0 53651840 -13140516 -89453188 
-39625174 0 0 0 -98556037 6576228 -36612982 -82463990 -67853912 -37129289 -9991617 -91310173 1169189 0 35612675 44127680 -86354621 7376850 -40321626 0 58958772 99677974 -93106440 -93849604 -92438750 5224172 2400788 -6595865 -22798930 -8508772 0 0 -34175384 0 0 0 -4804030 -80893279 -74729640 -32161925 -63659080 64785176 -11108808 -77996196 -42877519 -55866348 -72611834 -94559752 -43282560 -84276325 
-98993398 0 -24044752 -83604751 -86723860 33750980 69066976 -31265871 86481344 -89723534 -78787952 -88511380 0 -87407098 -53844044 98392272 -96165260 38639284 -97923129 -98298604 0 48790822 -83568673 -40359250 0 72694390 -24516270 -26234095 -86038558 -34354392 -44377160 -47416777 -81979762 -57597475 0 0 -72542080 49232783 -4909800 4941620 0 35530952 -84854713 -43218385 -15720431 0 0 0 -99613632 -97990375 
0 -45964756 62518832 -56427697 -86839732 0 -33994496 -58309376 -69824728 -57179838 0 -24082742 6855056 -60400266 -66055265 0 -12132525 -99999950 -81025738 60007170 3017356 81942350 -95867920 -96874427 -77009815 -97117783 -86798092 -99759360 -82591392 -44052000 -91617434 0 0 -73096810 37587138 -12011770 -89443930 -98126100 -90938728 -44331616 -83336496 39656930 49443035 -97143745 0 0 -42486788 -42484100 93870286 -54409576 
-78823701 69468295 0 10887092 -39373135 61437100 -49383487 -56121671 -92028554 -3506500 -14121817 -61922984 -27145040 -16380160 -68131086 -13550084 22348524 -2982020 77143370 -74325974 -66033320 15922031 43961600 -91535632 -86612160 0 32246963 25988903 1615895 -26882316 -87800320 6340850 -58831096 -87581296 -78751152 -97271295 6612339 44616878 0 0 -18041986 0 0 -92417208 11191315 0 -98718727 0 -63036556 -88920868 
-93321871 -53882336 -76914455 0 2906496 -69158687 -77340904 -87010788 -86488390 78767852 34060935 -61517692 -95298055 -45240256 0 -95969278 0 0 -68111500 -53663098 0 -30817792 -45644800 66705620 64991831 68626736 -28554098 -92337760 -93992295 -75491956 -23469551 -49124091 0 -42324200 -23183876 67219454 0 25484675 -75333064 64576892 17469150 -86926085 -67192012 -96553012 14183084 -70668315 -49293712 42207923 -71954320 -81530320 
-47631060 85572450 -41849546 -58761239 -96178875 94638932 0 -10246160 -93291984 -96525360 0 -39997162 -97222960 -74819425 -32793403 15716568 -97018273 -63925374 0 -95958908 0 -22199338 0 25178260 -7908594 -34385986 0 -67565730 99332140 -42139054 -48766153 0 -44503286 -72197680 41238890 0 -89779375 -33124028 -99547176 -41995144 -35916130 36252712 -66580910 69798500 -34374160 25815470 8156575 -84320080 -9028210 -70422805 
-79706584 -27303040 -97800180 -61854583 -57974134 0 -40873483 0 -40786714 -45651344 -48448900 -6790145 0 0 -54801918 -98878451 82853504 5033695 51022575 80811080 -78220480 -21268352 -69744400 43920000 -1842976 0 -69049254 -96589456 0 -99077626 57438125 -64010827 -47015872 8597672 34014560 -78472478 -40832785 8789388 -27865321 -69996052 0 -90891501 -50741160 -70129268 -2343771 -81451292 -49664069 -93996064 -93868440 -94925085 
9577572 -4052050 -84389946 97181019 -94137256 -85100284 -33052515 38670080 -58852896 -81145780 -61216150 -94884871 -80564892 -65044234 -70245362 25467048 -77391330 -57244966 -96716568 -45851579 0 5702806 -38258560 -88072693 -90858454 -80022101 -63647893 0 0 -65791900 -76082797 0 -73937233 -92635381 -56162868 -48046210 59754660 -46098061 -17988672 -313231 0 -18975875 86496766 -5161500 0 -98619496 -40182666 19953119 0 -87207760 
0 -35399616 -94666350 -80950066 0 0 -67570255 -65593427 14336521 -96454685 -47172568 74302548 427819 -34752712 -67413712 -32630905 -92088251 -63234804 -98451640 0 -75953386 -63627616 -52090272 0 -86928956 0 0 -97938622 -23756820 64877093 44228364 -85691230 -99052318 81695027 -82533363 -58733674 0 -82954015 69092001 94336051 10911680 18117200 -48817828 0 6245288 0 27446648 -2793030 0 -70089316 
25601349 -86040111 -98779560 0 -37334951 -78700456 63912096 19505948 -77124154 -97364161 -24709215 -35334510 -99836320 12615360 0 -94472452 -20648175 -47355902 0 -94956754 -67545302 -23131008 -60955532 7395470 -89977853 -68303532 -79011811 -32444490 -60183763 48327725 -70148878 21838406 -84913188 -97298032 -43960414 -21515708 -99857655 -76208846 -14678064 -83903990 -82793600 83776214 -21827052 99459773 -26864405 0 -98603584 -55664800 -73494430 -87807505 
-15585264 37582095 -66257533 -10729249 -97361902 0 17540933 -49147555 -88806843 -16150920 -59328724 -18834784 -13285312 -94227904 -72984015 9281882 0 -47874796 -28841668 -50155700 -9830028 70429520 24131810 -58312005 0 -38550463 -81920269 0 -71684011 -68139296 0 -21667162 -97462920 -85001126 0 30860 32890751 -37819349 97800966 0 -88677824 -67367341 -62966094 -99622074 -26536651 -64326712 -56995000 -84030330 -84589372 -92306215 
0 -92023802 74872865 5263844 -65695755 -98164348 -31166389 -49040649 -68658455 -99420343 0 -94577750 0 0 -68465430 -97444192 0 -15167280 0 -88645755 4461686 -53529361 0 -45695200 -66279222 -21748977 -51803425 34839980 26108914 0 -69352708 -46069381 -56262680 0 -67318452 0 -77367526 -50344960 -76528160 -59330728 -62010435 0 -94715452 0 0 -97524101 -82046300 -10811404 -79291208 788160 
0 -7891282 -81576961 -98574785 -17718365 0 -59904879 -47463421 -91416972 -85329542 -65460712 -64562839 -53255720 0 -93818920 -94245832 0 -95660350 -92737696 -46654148 0 -72262170 -75104782 0 -71492275 -80643376 -73456350 -27879877 54820617 -98609230 0 -68558276 0 -75264651 -80289826 -6631750 -38243949 -63798267 -73708522 3987668 0 -58512680 13181618 0 -40035627 -60852052 0 -74809567 -10186096 0 
-72900661 -18994881 -79042144 -76873344 -76443094 -17688320 -58861382 -88820919 -75385180 1828063 -1220380 -73817536 -37975627 -97819580 32896816 22651337 -37797824 -90759252 -86647588 -52447901 -89699535 0 8810958 7382828 29983007 -78885284 -88728310 -79341340 -41534866 0 12567468 0 -35850996 -78976899 -12618550 0 -77085961 -61483522 -16860750 -11253160 -7764850 -41456215 64598235 -84305006 -28169200 -40990550 -53153275 18667295 -84779990 0 
-91054396 0 73958561 15479657 94906581 -68227812 78495296 -53108983 0 -75853240 -80060500 0 -93832234 13327816 -38527872 -44965504 -89707234 0 27257048 -78920434 0 -87657536 -78250246 0 -51705393 0 88450086 -95132808 0 0 50779440 -62699904 0 -89691065 -88454831 -36596302 5850388 -72749440 74615672 0 -4908448 -89092000 97417792 -85264678 -20713396 0 -67749674 81090920 48351161 0 
-20766664 -42318445 -98353947 -16623345 -68453652 0 92737202 -43122637 -97274488 -96174111 -76749675 -85491886 -38314360 15766702 -30052160 0 25761890 -32541686 -98890060 -39783909 -35717624 -32836695 -41008130 0 0 43771784 -53184133 -93638700 35922026 -96253640 54448512 0 39629625 -80634297 -78857240 -75077390 -23303074 -97207861 -85789716 -30598891 -91746832 -84421809 -50351240 75941456 -61602976 52537190 -73419607 -87270536 -44831173 -51628315 
3274439 0 29516084 1248812 0 0 -68486900 25989584 63404999 -64868785 -75952156 0 8382878 96369305 -98211840 -90035324 -56609695 10471415 -79675867 -4147656 -9327236 -51819910 -84621340 -77363211 -77897432 -86709824 -58509293 0 -99561808 -93676696 -10374939 0 34304114 87180422 0 -56958652 0 -74510515 -55477756 -96434623 -79506163 64844200 0 -10556674 -95534182 -97833341 69164000 55353088 66343552 -92241132 
0 1830400 50997756 0 -90686800 0 -94641946 -74528840 26549120 -51371279 -34984081 0 0 0 0 21675575 0 63546440 0 -90820630 -70509252 -68843140 -93401842 -61275678 -15842782 11674288 0 0 0 -51945279 0 -27023850 -48183796 40173098 -62979485 -39135946 0 -78438082 -47222761 -72017714 -55220599 -90832296 -11505520 0 -40583755 -93114561 61230194 53417456 -35634142 -51390791 
-90915930 58513696 0 76759118 0 -38166077 -62446184 -12208195 4647998 -98267015 84756446 -96758777 -63712023 -90952448 -91747217 0 -51690785 -67669021 -68213324 -72709365 -25531000 0 -76488240 -17916328 -80573760 0 78367700 -93175946 -79949676 0 35069368 -54623020 -76753950 -92505130 21183251 30277576 -71413685 -92707840 54889454 -99560539 -23247100 -87077596 -81798160 -60210904 -37927064 0 -58431055 -93996347 -97257374 -17489180 
0 12857120 -78672940 27733682 0 -40721800 -92531034 -96674585 0 -56881075 -75185656 -59518052 0 -63279712 0 13836450 64181434 0 -50709061 0 -19122964 0 8339130 32484844 -90297216 -96259585 -61530385 -45525762 -84320350 60360704 -81886864 13795660 0 -99708891 -77636272 -36322865 12593744 0 -94897408 -1660000 81546560 -99709927 -2066598 3591290 -84154361 16379733 0 25164400 -28841536 -50075884 
-73645462 -62204032 -13807192 -28744998 -81851828 -68532354 99575336 -61387024 -12168175 -80430336 65862554 -32394910 -40223404 -43349305 -38654728 -47745280 -16293620 34332640 -71046196 -98969804 82913472 54988086 0 -18249770 -91817946 -90780904 0 -30507400 -90486208 -93682780 -79234060 -22557217 -75014728 -96803230 0 -90622445 0 -53689450 -74687680 4578386 6385862 -99664480 0 -82746485 -95489836 -70491520 -99572640 -33250600 0 -61294312 
-74481210 -95100013 -80084930 0 0 31663620 -96166541 -82410246 -89580020 -57460035 5775869 -72769194 7422692 -94267280 -94727800 -40211200 -72337650 -34062427 0 -68605024 -91660480 -13967984 -46328756 0 -56551492 363927 -99672010 0 59052452 0 -96270094 43552320 0 -85477454 -21084300 41452972 -8619968 -56641713 -66109250 -4659640 68937697 65867375 -60809618 3806560 -99778309 -88080040 -86948833 -48450775 50484188 -36507304 
-43295248 0 -37008811 0 -16885244 -8588834 13504277 -44657493 -80183260 36763704 -84235220 0 93760798 -67802425 -36433152 0 -26016090 -19005240 -31609480 0 -12460588 -44188652 5615576 -75624960 -2995768 0 0 11002176 24528275 -64483354 -74003085 -33390088 -94106485 -9385905 0 -34115580 -90542266 -91641652 41938134 -79481404 0 -99971434 0 17044832 -97323760 -72070800 49995950 0 4072949 0 
-95156704 77602432 -19437984 0 -58932861 0 0 -75593618 -76074850 0 -64812447 -43598577 -89148100 -97966240 -75702760 -56679814 2015303 20821756 -93244160 86181002 0 -81219304 -96511216 -88397176 0 1017750 0 -42065930 -71595668 67609320 -75194977 -75665578 27408365 -71528944 0 -69481263 -96138883 -94670402 -77596390 -8791867 -75014525 0 68756490 -74384143 70024316 94148026 -85307938 0 -86673249 -53906958 
-69397330 -96606802 -60435118 61397256 -95814253 -84341194 0 -29815228 5191298 -94803634 81643130 74652420 0 -76906720 95414856 28560872 -61093020 63978535 0 -46566400 -53169347 -33902106 790144 -57207096 -78623746 -81948664 -44876008 -73809335 40094279 -98694073 0 0 -81158680 5553984 -91146484 -45407866 0 0 -92803219 -83977233 -1391295 -43857364 -5849680 -16394060 15185750 93994548 -78061039 -47903909 -77066650 0 
