0 -10979650 -34082974 0 -20033071 -54952615 -568190 -34577501 0 -66623737 0 -40734882 94737150 75154716 37080356 0 -65314492 0 0 -50428120 0 0 -10270360 -81234176 -57357643 79724648 28033040 -90664025 -92645006 16519400 -58482150 -80358625 79293880 -99281686 -23285800 -71545619 11365348 0 -19559092 -15909760 -70678178 93826752 -59088520 -92343780 0 -9978398 -71276564 45922280 0 -68323276 -53191726 30200286 2765220 -96139682 -36188290 8861648 -95122660 0 0 -93989404 -66924831 -26418224 -49591687 -45232024 -96271132 -20993296 -73772742 0 -48234636 35898714 
1333622 -60169660 79709111 0 81591890 -97934137 -40056886 -40272631 74025107 16087859 -24075280 -68561104 -72139726 0 -97414343 -72066768 0 -60828163 -18080626 -38167530 40093060 -92130346 -99644793 -97708480 -91663489 -64106940 -84799040 -57922876 -94280392 4988606 -95237194 0 0 -48523698 1836099 0 -29143296 0 -98860711 14681315 -87866816 -91899917 0 0 -43859863 32212544 0 -22242226 -41041651 37740218 -65296610 8350418 -40369260 22117200 23668044 -66888982 45837782 -93532825 -78659464 -72501688 0 -13501378 -70938072 66695456 -92588970 0 0 -77364064 34752800 -90370846 
-39373353 -98212509 -35687654 -51776982 -78005568 34219800 0 91536335 -94849008 0 -26814874 -86463934 20211583 65707520 -64682182 0 -95097985 83025536 0 0 8709277 37795711 37146085 79020296 -81109309 -13063976 40509344 -70609360 -62646146 -81902650 0 -90873122 87779000 -12941119 -73822944 96059727 -46972075 -38912728 -99709360 -39042950 20187200 -65673260 -50605561 -85506664 0 -87671520 -50759776 -95651413 0 0 -87913909 -86995456 -97948070 0 5327648 -46896103 -52174864 -89886400 -40259554 -49970188 58366016 -38875195 -86145648 28594888 78545152 -37408982 -79819450 35189219 -36569853 0 
56514410 -71700625 -81652312 -99951971 25638400 -21762646 91594429 -13211584 -97540338 44472018 79382942 -79303186 -85013360 0 -73886556 0 0 -98701885 -96136504 -50183713 40793100 31564010 -93307280 4919470 -78689274 0 0 574271 0 -95690033 -38615964 -78147572 -99399296 0 0 -92697355 90917650 -44699225 -89470245 37855488 32530398 -1331080 -87031966 42128676 -13440480 -48166456 0 -14764008 35681373 -8461936 0 49475375 0 -33245752 -71982306 0 70350175 -95134381 -98584120 -23262781 -91419220 -58864408 -72954564 -96778840 -67294976 0 -42946338 -73473240 14022701 0 
33916778 43090205 -65579209 -36202583 -78993984 -69187758 48057995 -68007235 -97116001 0 26673596 -82092885 77362151 -73509459 56683241 -57076392 0 -88444460 -5852360 -77654751 -33421217 36337806 -19397718 0 92737161 -69129466 -96351413 0 -88943625 -30204509 -2575190 0 0 -4929364 -38221823 0 29190756 71173535 15377480 0 0 0 -56913583 -65459949 9226941 0 -64042771 -91100008 -74073430 0 -96878596 -11957503 0 -83725952 -64190660 -50578036 -82424531 -96689836 -53486368 36656432 -43009567 -37274365 0 -30030562 -53737718 0 0 -40983369 -19302768 -33836435 
-78407546 -44156416 -88667250 0 0 -78236440 0 -75415200 -89548589 -34007394 0 6679198 -93674681 -26049584 -34058734 -86357325 -87624104 91499152 -69300160 -98965570 -59647975 -28678120 14189511 422588 -73321639 -97361638 -91823081 0 -59505320 -81017920 -89068800 23379560 -90438363 -66932560 0 -44345504 -53173200 0 -44270709 0 -65942860 76849700 -43426854 -39086118 -87244894 -32383525 -33728950 -95116888 62261140 -71296663 3341355 37453976 36737180 -74719810 -67542250 -96370682 -99240856 -26768788 -85204390 0 0 -66655906 -89537995 -1506178 -63927034 8475725 875852 15283968 57203200 6348466 
0 -21344192 -61153405 0 -39968184 -35057637 -98858225 0 0 0 0 -71599420 -51930020 0 85739408 -72479975 -77504380 -55977469 -42580000 20210114 0 0 -42407024 -83920720 -36209732 0 -85900239 -72447673 0 -91593144 -86673709 -61636760 -99242575 2355540 0 0 -19525658 -67627325 0 -95444183 -89894338 -26705685 -65719201 -87284370 0 20759686 -89363815 -78614240 0 31127039 -96291802 0 -94011171 0 -52023462 0 -42065842 13962352 -17023576 -85625535 -95926000 -4367770 94839260 -65507118 -58215390 -46396867 -88833831 -6291242 -90075040 0 
-77947660 -98108446 -38020264 -94124252 -42952064 -66104079 -65325780 -97984130 -82463650 -41390761 -92524150 -87868000 -82343713 -30075045 -61170816 0 59690696 -96249680 -55528532 -93116904 0 57652476 -28350376 -61108589 -55232794 -10822570 1321076 -66197309 -41294121 -80169740 35086540 0 0 -46306285 -23330290 72371108 -32292322 -85753040 0 -90441656 -5533925 44708918 -72810775 -74449552 54259720 -97864520 32387384 0 0 -90223077 0 -27341681 -92521600 0 -59083888 0 0 -69986088 92480900 -69942736 -22918252 0 -98546900 82744250 -90763184 -81759314 0 19765661 -6756895 -47379634 
8764082 -49873280 -41989015 -86276746 -65330599 28300944 76244579 -64851625 76768750 76512428 1916864 0 -17420464 0 -65820640 -7823566 -83786800 -35344742 -61435180 45942860 61216880 -84303739 -70461568 -52606924 -55784266 0 0 0 -88301027 63425438 -99929680 -68782600 -90707004 -96771258 -37614001 -82276605 -94923271 -4927810 -77354866 33069677 0 -90407935 -36149716 0 -92339339 6547724 93700824 -41573697 0 -87708007 -17968940 -96218758 -77448672 -95703892 -71468560 -37493336 -77024696 58356472 -70243748 -61558198 -97651024 54690312 59629108 17732804 -30960862 0 -83611946 -82555020 0 -3422713 
0 0 -34974028 -84746464 -99381538 -15798372 0 0 -63044882 0 0 77498240 -42085986 141371 -50221152 -95421855 -97046785 -76273660 0 40400518 -83333004 0 -38985904 -73162476 -67157722 -74339408 -91013607 -84265480 -79508980 -76176480 59601332 -81238132 -83533771 -73950640 33131396 73433420 -18821548 -23485536 0 0 0 -2822320 -68483328 0 0 66932368 -97683920 -61674223 0 23676644 -88680802 -67156540 -45965254 98487786 -94481784 73959711 -68233408 0 0 -24600223 -96889200 -53478388 -84503808 -63098580 0 -79870624 -96560000 -83621500 -39440836 -97417036 
-65062790 0 -93748297 -80590906 -97553605 57007499 -29865650 0 -94984066 -77624276 0 0 0 88420056 -7398281 0 -97403530 19465664 -39463923 -46887165 10278297 0 -21466557 -78906200 -95415328 0 -36554695 81927840 -75125600 -96691414 -71811688 0 -89797159 -56668138 -92776000 -50643641 -71676352 -17579692 -53504200 0 0 -34280201 0 -50398332 -80138557 -49774146 -48200257 0 -92578912 0 69539524 0 -89430116 0 46809313 4194368 -42684124 0 -61638600 0 -98203660 0 -76288861 -21828595 0 0 0 0 -44475160 0 
-95479900 -1023452 -80891601 -79366120 28223592 -47969680 -18016042 -22584376 -7508977 -33263565 0 34314062 -74021250 6816425 -77712352 -9362741 0 19947520 0 -61401181 -61511092 -31156583 0 -50453570 -35335996 -69384099 14347369 0 0 -81383424 -76156780 -19622400 -41332635 -99264100 -71836636 -90968278 16875187 -95105600 43021980 0 -95306500 -31073632 -76758740 0 -77019947 0 -93891250 29340272 -20646272 2539197 -99965907 -85929474 -72416580 0 2205888 -64405056 3978388 -38513940 -6476395 -63567876 -57174385 -98604958 0 440000 -67474291 -95580625 0 -16945728 4656000 25074308 
-49264678 0 -98874505 -79843952 -99167676 89474556 -84960200 81211377 56592670 -82829926 -65817236 -14694528 -95572054 -99727696 0 -28114436 -88085350 -95958334 -63113206 -95537650 -96043762 -95894400 -38810347 -60952457 -86218145 -44780026 19413959 2969034 -88465366 -17537620 -95994286 -79136080 -98716015 2659226 -10434250 -44813260 -45517312 35452712 -46644601 0 -94212561 0 0 -98181931 -6343288 -98698854 -98934254 0 24794684 0 0 -22884280 0 -82864505 -91227742 -21838408 -54711712 -30000385 0 -73529241 -73601536 -24317221 29004867 -19853002 -91164696 -28773188 26210825 32063048 -90080650 27005171 
-45724513 -40820628 -86069014 0 -45533354 -71026565 -25748855 -36120319 -11052670 0 63360256 -86873050 34916364 -50136431 -58037170 -43351520 -86133367 -62545255 -66426994 -41920748 -16265300 -73779030 -86496000 -24204098 -7751095 -25751089 -85440734 26352261 -88470034 -68632327 0 16029480 -35104468 -76256064 -53308208 6205000 -86778350 -98479456 -26514080 -84216752 87987580 -79420756 -95670083 -80666155 0 -85428586 -55273097 -15404195 -48640384 0 -98969817 0 1048499 80080299 -98442867 -72262504 30869000 0 0 -89634769 -24142644 -97840780 -40358929 -96465543 -11757930 0 0 0 91839900 0 
-96922900 -12561550 0 -56090587 10571606 -58755018 -95915129 0 0 -20707776 -93591370 -7736528 -96432791 54888772 16444570 -97725664 -37986668 -57635944 -41057965 -22751488 1808036 29773308 -46828306 87247067 0 -99404038 -24420725 -98954718 -78340378 -23278300 0 -92486475 -32751721 -79173782 -2611704 -81790578 0 32543972 94432258 49555175 49028392 0 -28928122 -7938910 -77284624 99596600 -76345479 -54085196 0 -95816956 0 0 0 -78271402 -87839600 -59922616 72901144 -84957874 -91991285 -40486502 -99871793 0 -36515755 -35597214 -28707940 -817172 -28564648 -30957730 -80825784 -38825264 
-87173560 -17620972 0 84242840 -1418836 -96664376 0 -30789973 -59904028 0 -69947264 -62474540 0 0 -24975903 -3351708 14607997 85791291 0 -74804368 -23273772 -67555366 -99200916 -31189110 -70264935 -93428977 -11009810 -88384240 -68047726 -99057850 -15345048 36402558 96189656 -24896359 83473550 -32037033 -85883380 -47060030 -57508374 22815858 -45557445 -88254270 0 41317771 -41477215 0 0 -90553188 -53313598 21535665 -79541218 -99975979 -49909822 -97152562 7287366 0 0 44534162 29857911 0 80550540 0 -93290636 0 -12757420 -42296556 -76524200 -79556864 -92914000 -63445821 
-87665681 -83319756 -85523994 0 -58121170 -32622975 -51944881 -75596101 -81949762 -77678344 0 74661839 0 -7955812 0 -79928400 -1083896 -92330060 -97473462 -98902077 3343860 -92929930 71960440 -87573831 -88974373 -74574482 -49494796 -38893600 -97366731 -6540426 35512520 -41574204 36977449 -70189102 72720544 -88121844 0 -80802380 -66299680 46392350 -8459780 -46000724 -37157822 0 55870960 -91446117 -66649125 82352808 -82835740 -93936964 0 0 0 0 0 58862586 -62494498 -81063289 11359589 -50462267 0 -46588342 -65459284 -78242320 -89871733 -76329672 -83411390 0 22490933 -73870820 
-95928568 -76296925 -83274382 0 -89157466 20688836 -90669532 -64052780 -21242986 0 -58113545 0 -96204208 -40130905 -82937566 -26057592 0 -98932825 -94353800 0 0 -22655404 -96918656 -86389072 41128767 -66400720 68858126 -50216621 -98371453 0 -87472604 0 -91363509 -64142350 -97225945 23595416 -96166192 0 -93601480 -96991420 -91871080 -64189036 -59107397 -58112000 45607810 -51040561 47467886 -80911744 -59706393 -92985580 -33128647 34794800 -77898934 -96024925 886166 -68945584 -23057008 -74720288 -32793014 7707611 -70744256 -7266920 0 -69291280 -44451136 -66919251 -49485214 -50665756 -73391668 -93548125 
-9550016 -66998938 -94920241 -89509348 -64067008 50385352 -62321701 15404570 0 21977500 -30963982 -75773939 -89586640 -48111328 -56358535 0 89130350 -95856980 93731231 65001924 -84672055 -47527825 -80417443 -25532180 55771925 0 -76072384 0 47136284 50349480 -52477720 -1404292 0 -81668016 -4709245 -68998062 -92145925 -31799925 23676616 -79139446 -99252646 -20521890 58736429 -41007988 -16813364 13309658 -46208080 -84132880 0 -15666894 -53641648 -2944825 -54241930 -42980366 -56679622 -26635378 -97864720 -49300234 -89059204 -94150850 62271824 -78990032 -91107888 0 -67141405 -65435022 0 -14518971 0 -38213165 
0 -99849440 -75482571 -26370796 -75692400 -50966480 -45497728 -80489281 0 -44603290 -61272688 -21066151 1926822 0 0 8892147 6131652 -51060400 -8686702 0 -77536756 -75541336 -97241318 -56479971 -97190926 -61658982 -58524324 -66255826 -52293120 -60191098 -55941145 0 0 21948194 -43275052 0 -50762080 -55646353 42540608 -84395096 0 0 -41302709 0 -43897750 -4146319 -95381943 -98134912 -98131897 -55295548 -30275860 -28918544 -89853325 -2708377 88894052 0 -36327664 -84960430 4235831 -59493372 1815564 -84579472 -77525141 68324781 -48281950 -81034746 76998410 -22713882 -346642 -38594364 
-92307436 -85501198 -75606855 8788744 -55087704 0 -70266961 -30072970 -7328788 0 0 -56825192 -92971915 -72255232 0 -42371583 40472080 -10694036 74966084 -91193810 0 -91917495 -12153760 0 -79945345 -76697780 -75138820 50201453 -76933450 -51104608 -73707418 -92666422 -15745120 -83059916 -10186919 -58037205 47591231 -88179700 -99803701 10665224 0 -98617737 0 -75639961 -44290036 -14244033 -93318832 82474931 0 31247096 29904215 -86192192 29134088 -73496940 -20287323 -86766131 5009600 0 -57359464 -77469832 -39546826 -85506228 -53760170 -11778250 18514880 -73734400 -45993460 -90779852 -45220086 -93461266 
44494900 84352980 -90058033 -84978409 0 -72109951 -99295596 -71431948 0 -68070538 -99047620 -53687634 94516025 -40891608 49848349 -94419295 48624007 -24340030 0 -84505189 -28462995 0 -40184271 -88251898 27907757 -93011266 -4808080 -82732932 0 -26770096 -21355110 -66727345 0 -94119058 -74064254 -90543878 -87067810 -74317168 -94461701 0 -31470160 -50244714 51456480 -85814275 -87287152 -93301462 0 -67831552 -98701696 90093288 -40031812 9148193 -17607686 -92955250 -78193788 -69614113 0 -73830496 -81739444 40393058 -98562273 0 -76341400 58376128 0 -89553151 -1237152 -54675292 93288577 29574927 
0 -48375260 -26763170 -68853241 -59248633 0 54033090 -90732064 0 0 -92976691 -78514564 -69434867 -86046221 0 -90257878 0 -10268695 -47680668 0 -80967780 0 -97043885 -44120440 -52868496 97655385 -13105920 0 -99879616 0 -97845147 54331674 64300110 -56148104 0 0 -88884609 -67944946 -52703168 65749672 -23661301 0 -96058342 -56657062 -50833080 0 0 -20982890 0 0 -38021429 -47340308 0 0 0 0 3643785 -79267736 0 -70966540 -8445592 -99759508 -70740463 -36262648 23497946 -10789109 0 -78159612 -41822114 -59627825 
71444110 70081317 -76587886 0 -41717720 -21602800 -98928640 16425808 0 42828867 -45502462 0 33832866 -51406000 -4333981 -48127456 -33710790 0 -89175170 0 -24968485 9706134 -46297000 12263240 -70777198 -45525408 7833810 -44893312 91576308 0 -10675630 0 -40109896 -47220936 8050646 64532951 -73626640 -99095294 6980690 0 0 -49274032 -99592120 -38053042 24452130 -55463872 8688639 -58660735 -55567920 0 51604901 -59600341 -61967890 -52234821 -50087440 -95526190 73795310 -16633798 0 -46899150 -33956330 0 0 0 93917411 -28287500 95208356 7667392 0 -74772498 
-38201116 6940376 -42042594 0 -88327967 0 -34262945 0 -75270250 -91934644 31864704 -62552380 -67949674 -71120160 57752 0 39041735 -24006320 -95360041 44330256 -76193201 -96032097 -77649958 -35103858 -70537012 -45785757 -25033696 -37719680 92467300 0 -94962190 0 -14898661 0 25153900 -95669560 0 -41630221 17747039 32581878 -11062800 -94485148 -40631617 -85368661 11763932 -79236901 18503124 -124742 0 -8426935 9410170 -80188285 -15874198 0 665227 0 0 -67700311 11297928 -87847228 0 21949937 0 51261452 -95211580 -87375525 -86529760 -97758337 -79097716 -82658872 
-50686054 -23132995 -21035560 -73061704 0 26198132 -94086009 -55017984 -50672968 63280068 0 -87735790 -10730887 -69134173 93931726 -91795600 56689840 0 -24201039 0 -96879046 -88472225 0 56804680 -85147324 -73876140 -92562460 -41548760 -43775542 -77551840 0 84263476 -41378236 0 -38174106 -44337081 -25837720 -77618968 -72027495 0 -6339010 97777218 1997819 -51107617 -60080688 -93199835 -56837629 38930264 0 -69868857 -73279140 -89069500 -70461176 0 -98530736 0 -65665328 -18251242 0 0 -68602320 -13717723 -71055364 -83857268 -76972570 0 0 -36668546 -81410770 59707386 
0 -19931344 3678200 86336 -62585595 -95051572 8081015 -66928130 -33274565 0 -25336172 -4515348 -21523066 -94930702 0 -83388480 -35786170 -35074020 -31145128 -89489113 -5928101 0 -53544417 0 -64125910 56598858 -56779256 -98226840 0 -82894679 -94219825 -51652178 23682752 -99213403 94338214 -58604476 0 -60936586 0 -57685827 0 -40364824 0 -89581903 0 -98301325 0 -6741944 -18574522 0 -41310856 -99656800 2688416 -51700131 0 -70053020 -89644896 -63629200 -78819055 -76129230 0 -92264410 -67475872 -53860704 6840260 72996164 -40279718 -93060136 -77599560 -9933499 
-12292444 -58350811 1897940 0 -97959280 -73786722 -32014055 11842610 -95571548 -22204513 -54810928 -93514252 -85089292 -66467296 -32601475 0 -90179140 -68680180 -99933760 -34684861 -98882387 -99076560 2600600 -56966262 0 -65953216 15222354 -93587234 -36665940 -10022845 -75927280 0 23026253 86867772 -32086063 -35491186 -97463650 55276334 10085788 -83833016 -27332482 -53601388 39313928 -88754380 -95812333 -49149280 9755264 -31710652 76160816 -81729406 -79872673 -86207800 -38722663 -63552811 0 0 -22091635 -59973273 99520464 0 0 -86403583 -49522870 -29017843 98797544 0 -18849600 -9510256 13159990 74336054 
-90290858 -98063260 -39338401 9917246 -92747433 -91655722 0 132560 -28331620 -91699147 68820944 -2323774 -66841600 -94400092 -98596603 -58832128 0 -83175914 8409743 0 -31127966 23559205 -56830096 95696384 -74841475 34129232 -68877392 -82590464 -50342873 0 -51722309 0 -33047940 -33076307 15691237 -82089640 0 -86317448 -99166752 -53163936 -78825235 -14409876 0 0 -44516548 -25524296 -70977280 -92749150 -87412656 0 -10029088 -99255976 -73737922 -99548380 0 -86299936 0 -33437728 -21462832 39045075 0 0 -12150908 -99939004 -91836176 -74111255 -30088416 -31153552 -90804404 38584600 
-60889412 4028372 -33031109 0 -77653260 -72643840 -17474920 -11687860 65915696 0 -88861920 -4221508 0 0 -21353409 -49037184 28944323 -24883840 -77044125 -74004178 19693160 -32958050 -43777498 -86662260 -83772630 -67965797 -96061096 -84609680 -66071872 -27513592 -69765832 -72495758 -67600020 -85408920 -98889815 -78555628 22618256 -97345029 -39339988 52461920 -45243222 0 20136716 -73583350 -58614009 -89107481 -76382680 -93389970 0 -94956756 -30294400 37092980 -56224297 -86858014 -97558822 -56465600 -1631250 -28770150 -67416880 -62901455 -46334668 -39922015 0 60948160 11205500 -35267800 -74163232 -89982685 25024816 -24493142 
-44072311 -96402547 -94391168 13282460 -66951460 0 -86166406 -51981904 -94173628 -52681285 -73376521 48612700 -55811340 74393362 0 -96321148 -77385973 0 -69342610 34477460 0 -20854630 -35427008 -94645744 8611024 -56920021 33278285 0 -87938272 -50581213 -91387000 0 -95897888 -38105467 -4784880 0 11402019 -88606702 -39105016 -52142876 0 -28040000 18585000 -6938752 -12074634 58220435 0 16173980 3418325 59324871 -99849619 -41681446 -35943476 -96865784 -58198059 17521721 0 -5445102 22193536 0 -79384080 -98213842 73758592 -90422068 -89111508 -80824925 -84238065 -64612736 0 0 
-96368284 53805779 -93187264 0 -8752432 -82549615 0 -83477434 -65533379 -58175200 -81205354 -92739568 -34987535 50064915 -54613081 -38795559 -98993450 -25222515 71971520 -69092032 -36944551 -57999355 0 0 -79356763 -82716190 0 -35983104 -77099715 98854536 -64725320 -76310667 -34541947 -77695424 38671715 -41112716 -95756295 -27731875 -97634291 89879228 0 0 0 -94579186 -6445521 0 -6537680 0 -65364151 0 -3847600 -60077512 -41129536 -78761437 0 -70882840 -71770729 -47002519 57402700 -8726529 -94698676 -54814840 -99814192 90125208 -34241835 -19444420 -95815620 -83739598 -92101240 -81758445 
-55149241 -97315319 -90282430 -90664545 -51496717 -93522592 -90464968 -74492068 -716480 -75192707 -55288878 -39871204 -70368328 -56339302 -46818517 -95466031 69616534 -72040016 15310720 -37497916 0 -56977748 -73489469 -53767440 -84280000 4628348 -97569208 0 -45753570 -93809200 -89711281 93438741 0 -44422095 -32952946 -75975796 0 0 16028949 -92229470 -94716040 87699860 -92065615 0 -99931555 -37415700 -62405460 -99288000 -1371588 99365435 -70294024 -99656804 25674710 -59512312 40125216 -89304735 -81217692 -6381510 51330052 -58796131 1881860 -73777272 -59372554 -34165000 -89385594 -71937712 0 -17458429 -69977227 7155720 
0 34851368 1611376 0 81959120 -34537423 66344250 -33312586 -14229802 -84779872 -21951572 22302200 -74474450 -51665971 0 -99338014 -33838240 -71008800 -60245714 -35245639 0 -43427773 -75835077 9510220 -53873569 0 -3384265 -80710275 54462302 -99889200 0 0 -54957376 -54316186 -26706768 0 -95176678 0 -489055 -61210606 -36150340 -74130936 -56756620 -6044466 -96497176 43423222 0 -85148980 -69133007 10214560 -70224223 5660720 24072968 0 0 -97744778 0 -30489486 21395960 -95273505 0 -81960374 -95259633 42743144 30529685 -42995969 -13764400 -90017328 -73647456 -57449464 
0 -41052545 0 -36936622 9433896 0 -21129866 -83617746 19678235 0 -85592350 -96975454 -88253530 0 0 -10747286 -95673856 57417280 62494167 -89406688 -90744767 -98074849 -99344020 -49480459 98170865 -84453656 -64250650 0 -88648876 -54996372 -98545960 23201050 0 0 -94575814 -80032096 0 -29756096 -34709236 -98844489 42407914 -94455960 -97843730 -70944960 -26266771 0 -46850750 -2774574 34304800 0 -89540698 -63868240 -52923486 0 -99359246 -80144956 -91769376 0 0 -98605210 0 -68599688 -96199021 0 -19120300 0 -92406808 -90391486 -7181722 -48506170 
-92086930 -63666836 -76156257 0 -51336798 -98132992 -89931227 -93769300 -94608240 -32093308 85933088 -8349508 -88759040 -51762526 -96297593 -65460844 -46900642 -70128690 -91422970 0 -81309775 -54449360 13728290 -94881504 -78179735 46762445 -81679128 0 -19640542 0 -51656059 -49897672 0 0 -88681553 0 -53687699 -35863508 91070252 -38111911 0 3986680 -46801732 -60771179 -74339154 85019366 -95313290 0 -77802879 -59221148 87706730 -76039380 -94323751 0 0 -71829864 -11396392 -8615200 57674890 -9247832 85092754 -2978096 -69487375 -47507940 -92133976 0 -58731542 -87116464 26935669 4388005 
-52740697 -82342803 -96860656 0 0 -90519380 -88634212 68928230 -86671368 0 -73474516 0 -54380840 -82295944 0 -40282179 0 33379114 -69580030 -99624072 0 -52524883 13120100 97205680 0 -82301689 -46563488 -74744001 -69586916 -92235043 56380700 -56916349 11569430 -51870451 -91372465 0 0 -68685808 460285 -93811550 90250760 -60157073 -49153708 -61859665 -93386395 -34194502 -55554060 -46105600 45954320 31230150 -85790760 0 -14105672 -57095863 -75457187 -9193096 773571 -18798592 -94513321 -90087092 -24120420 -58094350 -57377728 -13658752 -30709352 -36209701 -31700812 0 -64326628 -29027380 
4266479 -93986641 -72932635 -35735749 0 0 -95407720 -949226 11160205 -8633155 0 -5046708 -39662155 -61795126 -72801335 -2908957 -21153268 -22551594 -17234800 -71491075 27406880 -72105887 -95021809 -9489739 -55149977 -95686100 -62260886 0 -37758920 -59005750 -97163243 -41199287 67830860 -73234913 -79872817 -48828320 -81820092 -86400568 -12000880 -21758536 -56577702 -79007525 -99740230 -97687862 0 50763991 -96118969 -80288512 11833734 -15841301 -96989440 0 -16726360 -62903750 -810670 14361290 -70635258 -10878080 0 -79674120 25971650 0 -68807992 -65232586 25056536 75528080 61931245 -94404928 -91827370 -35940062 
-76066366 -22804706 -20445272 -84652570 -40793644 -96733821 63241015 -95239570 0 -7518589 53857062 -99774160 -41751888 -91646105 0 -55819216 -65236422 88428280 -73172209 96046924 -49932880 47238972 -52642534 -96253530 8738954 4557905 -63590198 0 -10070527 -2431808 27078172 -65225520 0 -99941805 -93853487 -67274450 963005 46528502 -99749995 0 -93841936 -13831705 61124614 0 -97427900 -51440066 0 -58500788 0 -99263576 -84332028 -98633635 -78419418 0 -8017296 -86224900 17867300 -67853158 -45807600 -61129896 -47935464 0 0 -96327010 -55883200 8491632 -81686501 91239829 -14630012 -79141240 
-78713397 -97608193 1611815 -55350280 33822994 74932355 182258 80256992 -242804 -58535798 85264658 98367728 -89739035 -90048841 -83819346 0 0 0 3071000 0 29757262 0 -19338586 -56851164 -95344764 0 13332500 0 -63719280 -86114429 -58956746 -88713048 -73850722 -79569726 -93285980 -63743130 -81057695 56235203 19482753 -33981515 0 -82082890 -30476901 52378055 -91580750 -82203448 -23273815 -31009325 0 -59474964 0 -84067084 -69568321 -84952877 -77845960 -94946808 -68300550 -32502628 -96918805 29675346 0 -10163728 0 -72269800 -45720071 67487021 78720320 -31388745 -45889045 6389544 
-96406633 -90759675 -92705292 -9317690 0 3469010 -64868128 0 -24725801 -41043722 -93678030 -39908350 -63313804 -64235322 -24162130 -72200688 19534103 -38447080 -53711883 -59780408 -31658368 43475492 -96928423 -10021128 -21528425 0 0 -77322156 -62868263 -83033376 48278526 -88401580 -49283628 -85833927 -86948096 -85189906 42146000 -82667692 62745056 88190145 -52718800 -81365104 -65862681 -35017800 86915560 -99566434 0 -78838318 0 -22990870 0 -6647686 0 -69794220 -191872 -76594756 -56072935 0 0 19001176 0 58957085 -75500800 -52690972 -72959840 -33143241 63257621 -88055782 -98284264 0 
71445974 19223552 -97756192 58690500 57276147 -89332005 -43562024 -86663700 -14693932 -88928688 -45926563 62416175 -86752075 -57233242 -92397393 -99572550 -58857534 -99573904 -88162048 -57410254 -85751940 0 -90115096 0 -64817257 -68006724 -74517175 14586599 -71218660 -34958945 -19056067 -62241456 0 -18082327 -95550040 -90960170 -37667476 64289801 -74645864 -84708703 -80842518 -80713845 -58594206 -94700785 -74091150 -32013098 0 -62609024 -93862648 -83398492 -74433160 -69092016 93160952 -73574164 20769714 -5560360 -53396245 -75893005 19753106 0 0 26004794 13949544 34578080 0 -57955816 -34082915 -96863951 -25765675 -43860668 
-17641360 0 -41385703 -90302590 -31708658 -6922820 -98957088 -76110205 23196290 -85868080 -88820230 -21900433 -81628600 -6415656 76306602 -68003065 0 -99478700 3189392 -66636706 -67168604 -31190273 -18936091 -23998439 12102473 42741404 0 -2517916 -26369482 -92471625 -73604610 -99640534 74079976 -1369912 39602100 -88189964 -42721636 77497034 -42886365 -98528341 -44050876 -97193776 -32795701 -386301 -92360670 75352174 -64668104 -50876073 0 0 -93354361 0 -26205412 -15781017 -66149662 -58092732 35243069 -71979905 -17581440 -7662160 -69796002 -1444715 0 -97658113 -73033723 -49998046 17322470 0 -79335345 4417280 
-91803856 0 -32062603 -77778232 -77831660 -71189395 -59255135 0 -93779448 -17227690 -17288891 6930584 0 -79567972 -73159872 -62509360 -57660937 0 -50090608 0 -66045824 -79640493 -40914756 -96473952 -36917252 -65796481 -33439205 1337292 -58771648 31614854 -65567244 77458280 -65137795 -89423410 -47819807 -64517021 0 -26076448 0 17337596 -93564620 93596000 20217251 -48098023 -92998348 -48003900 -89409845 -63414505 0 0 0 -72852670 0 -87010086 -21934895 -74552200 -24164944 61398144 0 -37589741 -36645181 381152 -78454592 -98799268 0 -92933080 19406960 -33560116 -90764737 -99484881 
54947745 0 -62491771 29534990 -88746238 -38622700 -27540838 18017315 -27270172 -19885075 37827136 -83646874 -51712571 -59947520 -18912000 -95771552 29901035 -18093744 -98286640 72147080 26792504 -38899650 0 -69259599 0 53910555 0 -86619912 -77382367 93812200 -91136054 -87728998 -64870292 -72438858 0 -87813800 -76985902 -69088105 -72763582 -77261746 -95208045 -31100785 0 -11263654 -69240103 -95850556 33871472 43484528 -29075968 0 -73405376 -75048250 -87522195 33080270 -89979880 -98960080 -98364394 -19977320 62237674 -73804768 -71188615 -76806144 0 -88098810 -68757490 -28964582 -36976903 -96231289 -75865032 -63739370 
-86646400 -70258255 62744175 -61073049 4004230 9351977 -44054800 -71711919 0 -79553280 -77255784 -93220720 -27435676 0 -30778981 51466371 -36125464 -66724193 0 -63069223 0 -41203291 -76669726 -99570277 0 -96761700 72405432 0 -42028590 44851882 -17204154 -97035444 -93986509 -60496750 53903666 -98227108 -60738080 0 -16180012 0 -14927204 -63495049 -68186517 -99245884 -84675775 -7329128 -86784061 -91715536 -65208227 0 -92460810 -65006930 -66412020 -88590772 -79391944 84530713 -60017570 -91773547 -98863144 -61081815 -4495904 -34135560 77651448 -62320138 -97392769 -43902292 -60209816 -86502565 8827276 -56012320 
-22388904 -65445466 -72252348 -580238 -91748047 17086475 -75799586 -98972083 -78620458 15012900 66326304 -64042975 0 -94509200 0 30230513 -62919089 -74593794 0 -55584610 67342825 -94798944 0 -75549210 -51097888 -17383024 -19047632 0 -65497708 -26573089 0 -69336184 47219975 -91990006 27376696 0 -44084756 -87552460 -74879559 41086421 27819860 53442219 -74578492 0 0 -93217375 -72801766 99728060 -17724282 66812024 -32015512 0 0 28467075 0 0 33886680 52184100 -109356 -66292843 87026133 -99828310 -1164805 -96692911 -24863860 0 -37489240 7154576 0 -2147440 
0 -62830180 -96964191 -47744524 49441180 -98591440 -42079063 -69864785 37878959 49024298 -32504488 -99617632 -79856975 44945409 0 -51004165 -98112152 0 -87851180 -39870091 13012850 6082568 -35394460 -63459386 0 -47792869 -89442921 0 -85667742 -83055292 -36395560 -96993998 -28812800 83612480 -78250391 -97588080 0 -4301436 0 -37179120 -64230337 66983408 -95641345 -87087186 0 95261388 -98072723 -73246880 -99313358 84967770 70153376 -30775480 -83037530 -99964983 75070060 0 -9463700 -79323260 -99847029 0 0 -98149521 75328316 -35857780 -77224613 0 0 -87174951 -89268668 -88014400 
0 -44517307 71240858 1869516 -75648173 81990890 18321233 -58610824 -98104764 -90362650 -43224178 -47774800 0 0 0 -15726800 -57798779 -65878498 -65469000 -47197228 -85341160 -9877802 0 -78704938 0 -66121504 99943973 0 -91628312 39226688 0 -70670308 -48212272 0 -40586683 0 -68729797 0 -61698660 0 -74396779 -57170710 -93350188 0 -75401764 -96343564 46169138 -60635072 0 -42683818 -78932230 -15284687 0 -58886204 -24003325 -75631196 -34899281 18180622 -56013264 7509938 -34792975 41327438 0 -62774248 0 -94861792 -94101624 0 10960960 -57627657 
-60610048 0 -53547832 -13819420 -99436498 0 25561439 34165360 -57832924 -49762020 -92759578 0 -76404220 -99120352 -35217870 -69112234 -97445818 -70951300 -85241663 43779944 -38486080 -96252928 8106037 -91380964 0 -98323136 -90544213 -34049437 33039380 -45743775 -56739488 0 -32269883 -79113472 -87985504 60821495 -74073550 -54348842 0 -35192400 -73918855 0 -84183264 -91774992 -71409386 0 40488470 64588920 0 -52025566 -91230112 0 7989806 17651952 -90875612 -24912190 0 0 64164095 82149461 -90511225 0 -70244677 -48434768 -49835986 -83245351 -43109293 0 -87999052 0 
