8664218 -91970216 0 0 -63538290 82638650 -46150969 -91880712 -97160153 9369188 
-86016097 28718492 83121390 -71034932 68896453 38178040 -62724801 0 14061203 12043260 
0 87387500 0 -93723013 -98721856 -89062330 -37472200 0 -99501100 -86043816 
-51972085 -93044845 0 -58193491 22089656 66410090 -81726044 -78248721 -66568108 -86337984 
-50328955 -69954512 -77043757 0 -91158604 0 0 44102970 -36142001 -80746776 
-3046000 68259028 0 -94270150 -74423384 -93011565 0 -63267447 -36871669 0 
-90433360 -79483840 22114909 -53536773 -99130636 -86798548 -75777217 0 -82075736 95896688 
0 0 25928489 -38783130 79504120 -59837944 -76428250 91266900 -84934090 -72104160 
-95258805 25211060 -99667650 -68158846 0 -45077589 0 -60998708 0 0 
0 -76029550 -57471684 0 0 -82447160 -27866521 78305793 43336448 -96698030 
0 0 -83874548 -97709476 -75304498 79397120 -24679408 -31039332 -63568616 -49963746 
-95960272 -55186182 -49137045 -90779370 -35632410 0 41990462 13383448 0 58997942 
0 -23401270 87200216 -98576032 25976888 -45004920 0 -41338408 -81687094 10901149 
-98352244 -39633088 12103824 -82525097 -41373406 0 -96110560 0 0 -73468625 
72810395 -83791126 -56725825 -78956274 -98007620 -46568608 13646783 31370919 -73440103 -97723138 
37127848 -87147346 -97786944 -84253880 -59837496 0 -33234070 -67183718 85613275 -26964800 
0 -96272780 0 -12997016 -99517651 -81227209 0 4808194 -74911729 17882384 
-43057152 -86432985 0 0 -98898537 37840864 -64376209 43456992 1665512 -71746647 
-81070561 -84957220 86669064 44979422 -28621198 -37718911 -85814064 -91739744 -70499714 -52547635 
-1982284 -95948871 0 29894240 50946000 17416049 0 0 -96578401 -91992443 
-67082035 0 -99616606 0 -59539801 -24158320 45057254 -77496918 -9657537 -89682994 
-41318006 0 -81691126 -83690630 -26553610 -56725178 -98254358 -35873434 -55575469 -11528524 
60325055 -57667834 -99913250 -57920492 91631582 -47199804 -11511848 5929856 -56986120 -91446825 
-21375454 82474772 12045776 41899100 0 -23084651 -32116526 -98246320 -39068810 37687040 
-20802596 -91293948 75220196 -80811824 -99011460 -49084366 -38726806 -50432608 0 -82345600 
-90072361 -51985727 74462270 -96484488 0 0 -82800828 -70574968 -1003849 -92748700 
0 63406573 0 55652408 -44539651 -24969865 1039378 -76281585 -94017539 -2601098 
-89619390 0 -66340744 -88970611 -98999785 -22341144 0 -92658575 51085459 63558907 
-88763327 0 0 -99727155 -67934310 0 -22794704 -41649216 0 -66709040 
-60845188 -75082720 0 -84850650 0 61310012 0 -49889236 -26404963 -21679492 
-99082393 -91440480 15682380 0 -5073275 0 -89666960 0 8000548 33048242 
38835305 -6790686 -80260093 23637537 13407770 -35820291 35374010 61222305 -87107806 -54572995 
14048432 1720736 -72905552 0 -74631090 0 -99830248 -20647714 -84186949 -9442489 
-9626764 -44139640 78629663 -76653684 -64661860 37257659 -28741780 -58774008 -13798732 -4505197 
0 -45228304 -92556355 -4275776 -67303480 -81508288 -86106120 46788752 3294824 51907508 
-83725322 0 -62669335 -72137 0 -87148570 -85841560 -55633088 -80450860 -86240584 
-81509872 -87382080 65656052 0 -77720794 -64325944 -72396589 -55836705 -28849336 -58436104 
-35960779 -95761720 0 -75036826 47158656 -96487288 42025818 -93946891 -61266011 -82962175 
-93220371 0 0 5347777 -87423220 86072480 0 99575999 2455470 -83679895 
-31731701 -27623465 -99807416 15827831 -99735739 -32099472 65163305 -50319520 -64934545 -98863212 
-96286389 -93490120 -79379485 -2760480 -24209362 -66299872 9440171 -90952588 -35975480 0 
-44423722 41699425 0 -80471044 -87370309 0 0 -11931872 -5727574 -35134518 
-77756120 27989496 -68791075 72751724 0 0 -28818500 -17481586 -91788875 -83292438 
-85795562 -89585892 51388322 -18767581 -45593054 33521960 -49134395 51510200 -92516566 -44359514 
0 -60456192 48715520 -82075516 -12067030 -58764032 -33786853 0 -96091621 -75455414 
0 -76052800 -36614581 -91857964 -78133750 -65761411 8627112 -80090560 -96224104 -10103074 
-18408196 89546896 -96329088 0 -95711248 0 -18128041 -96401680 -41396734 0 
-6744102 -86225224 -61912921 -86219616 0 -44766529 -46842350 -67570466 -89837617 16093285 
-77562120 86099590 0 37526262 95369576 -50365688 61886396 -25010041 -39915836 5102216 
60077038 0 0 0 -53684542 -93206036 -84258560 -44881222 8588888 -31667509 
21385712 40836540 0 -23260360 0 -72646243 45023648 -10809432 -35875000 0 
0 0 -16617800 -16053874 -52346768 -82237438 -95400948 -52357690 0 -91744447 
-5108404 -32949838 0 -97812709 -244303 43615388 3674704 -96919300 -96939286 0 
-6657632 -58610910 -72908764 0 -31862297 -98604190 -96253237 -86470515 -79442140 -70646593 
69989712 0 -5500918 0 -79760957 89356157 -71362706 -97741468 29594486 -216914 
-58609450 0 -84324769 -70241777 -53611420 0 -92184904 -43755834 68732025 -79359980 
-54918198 -93663032 -80858550 -99641300 0 39084984 -97270786 -91899901 0 0 
-51385555 -96490540 28426976 -58770383 -72746554 7034210 -96521850 -98774513 -96391934 -64271916 
-75501145 13833548 -45677452 -86698714 84328000 54173537 28042946 -50982200 -82939836 0 
0 -35421967 -6865876 56660520 62616713 37032400 6340256 -89801267 -74236950 -24497297 
-79733138 -58470921 0 0 -65265752 -7345344 32311485 0 -55476829 -1978505 
-28864717 43468388 -18320050 26860580 -97991158 42501304 -98281877 -83555938 19038578 -89479940 
-57442792 0 -94965360 -98451145 0 0 0 -97810060 0 -42005224 
0 51123716 -71842920 0 -63315972 -71268122 38854128 -43903000 27396212 25376795 
-57764692 27411648 -87501057 0 0 -99241691 0 -58034290 68810280 -80130960 
-99499528 -92190506 -58853965 -91029520 -59019265 0 -83932585 0 0 -95923984 
0 -99650700 -72108255 12996926 -72605756 -76105711 -80160120 -97334536 32906083 -77680897 
-77419104 0 -67363630 -94443846 -87173365 -86182144 -72903571 -95209714 -38086996 12119875 
35900192 16500320 -96613528 -41561624 -69610256 -99088612 0 -37667456 -21452366 -31260571 
-35737899 1500315 0 -71452561 0 -12879096 -82449129 0 -84730862 -48049288 
